[Documentation]
information1 = This file stores the OID assignments for resources defined in this IG.
information2 = It must be added to git and committed when resources are added or their id is changed
information3 = You should not generally need to edit this file, but if you do:
information4 =  (a) you can change the id of a resource (left side) if you change it's actual id in your source, to maintain OID consistency
information5 =  (b) you can change the oid of the resource to an OID you assign manually. If you really know what you're doing with OIDs
information6 = There is never a reason to edit anything else

[Key]
CodeSystem = 5
ValueSet = 7
StructureDefinition = 16
OperationDefinition = 1
SearchParameter = 1
CapabilityStatement = 4
Measure = 3

[CodeSystem]
cc-type = 2.16.840.1.113883.4.642.40.29.16.1
coding-gap-remark = 2.16.840.1.113883.4.642.40.29.16.2
evidence-status = 2.16.840.1.113883.4.642.40.29.16.3
hierarchical-status = 2.16.840.1.113883.4.642.40.29.16.4
remark-reason = 2.16.840.1.113883.4.642.40.29.16.5

[ValueSet]
cc-type = 2.16.840.1.113883.4.642.40.29.48.1
coding-gap-remark = 2.16.840.1.113883.4.642.40.29.48.2
confidence-scale = 2.16.840.1.113883.4.642.40.29.48.3
evidence-status = 2.16.840.1.113883.4.642.40.29.48.4
hierarchical-status = 2.16.840.1.113883.4.642.40.29.48.5
remark-reason = 2.16.840.1.113883.4.642.40.29.48.6
sample-cmshcc = 2.16.840.1.113883.4.642.40.29.48.7

[StructureDefinition]
ra-ccRemark = 2.16.840.1.113883.4.642.40.29.42.1
ra-ccType = 2.16.840.1.113883.4.642.40.29.42.2
ra-clinicalDataCollectionDeadline = 2.16.840.1.113883.4.642.40.29.42.3
ra-confidenceScale = 2.16.840.1.113883.4.642.40.29.42.4
ra-datax-measurereport = 2.16.840.1.113883.4.642.40.29.42.5
ra-dxCode = 2.16.840.1.113883.4.642.40.29.42.6
ra-evidenceStatus = 2.16.840.1.113883.4.642.40.29.42.7
ra-evidenceStatusDate = 2.16.840.1.113883.4.642.40.29.42.8
ra-groupReference = 2.16.840.1.113883.4.642.40.29.42.9
ra-hierarchicalStatus = 2.16.840.1.113883.4.642.40.29.42.10
ra-measurereport-bundle = 2.16.840.1.113883.4.642.40.29.42.11
ra-measurereport = 2.16.840.1.113883.4.642.40.29.42.12
ra-model-measure = 2.16.840.1.113883.4.642.40.29.42.13
ra-patient-group = 2.16.840.1.113883.4.642.40.29.42.14
ra-payerCodingGapReportId = 2.16.840.1.113883.4.642.40.29.42.15
ra-reportingVendor = 2.16.840.1.113883.4.642.40.29.42.16

[OperationDefinition]
ra.evaluate-measure = 2.16.840.1.113883.4.642.40.29.33.1

[SearchParameter]
measurereport-category = 2.16.840.1.113883.4.642.40.29.40.1

[CapabilityStatement]
ra-data-submission-client = 2.16.840.1.113883.4.642.40.29.13.1
ra-data-submission-server = 2.16.840.1.113883.4.642.40.29.13.2
ra-reporting-client = 2.16.840.1.113883.4.642.40.29.13.3
ra-reporting-server = 2.16.840.1.113883.4.642.40.29.13.4

[Measure]
RAModelExample01 = 2.16.840.1.113883.4.642.40.29.29.1
RAModelExample02 = 2.16.840.1.113883.4.642.40.29.29.2
RAModelExample03 = 2.16.840.1.113883.4.642.40.29.29.3

